373343028
1888721480
667199342
1520717480
980247176
1605100966
763454950
1185904052
1909406314
1220644118
1717584494
1070320584
2058427348
348178586
708586992
1814658360
882226856
1413006736
609358902
92414470
1644302248
2101900164
1456938872
1512992674
1447735524
859677526
495383728
952516918
2089320754
510348422
1753617076
1513007884
1988741350
224003350
731787716
1236031994
1679463396
761398236
254004292
315150230
628123126
1089058320
415899832
1700261070
379251724
1175621560
1838898860
794604786
1966377050
92244410
1155365442
527515616
1123212998
2019637214
803456486
345348672
1507959600
1956539868
808562792
2015342926
1649588148
723174550
1165746966
59105300
1387744258
446473186
1684646878
812339604
156065482
854091888
1132827268
893746016
1504107820
26734346
879247630
1417483558
612138282
1131945140
1625087620
1013321292
1361105662
1698758472
1773569278
156562646
1885275162
1177185194
313618538
362204084
783538432
957769212
560619148
1162077292
1629332866
1986195566
1153913828
735688008
148117014
514940012
1278709800
1486163346
638857582
1093758616
716933264
1867431328
2122012150
149047412
379917354
2014795644
2116442250
957524250
273182968
1015033426
355264828
714570798
1806991304
1396282386
1720032510
1301621992
1377300704
1317474938
1540369734
2025566836
497200084
819613370
1396712370
1827164648
363318560
1307995804
1105576590
600769362
1244648026
900876224
529873438
1369412342
259519050
580322484
1390259206
1936342590
81822514
1149722736
1821569202
1974024476
1819102244
2130869150
999839590
606249320
2033955812
601535562
525655712
1389876774
1266150094
105864894
10961032
430163196
1239912630
1488416540
78929736
1672726338
824670314
1778905392
215071810
752719428
91667866
395491242
1819870084
610574486
958334280
566248364
1675902582
1318214882
1014797972
1822308898
267510442
788948318
187194756
988442620
1941400976
1553695932
1705444294
1935494018
578884524
717706454
792868594
1827818766
2139582676
1963645556
1439825822
81019054
91802450
1469047164
616739632
895093022
2065097966
54850908
256588478
799415566
1967426508
1237530664
1233480620
1345951096
1791021146
708160848
862242694
1996116020
2034520772
1646038732
571409690
1950267898
821825104
1493903454
914524602
1568260600
865034966
1896763064
649663504
504278584
174049278
36795444
2107002776
1795700450
215539970
1412571544
1336810886
829365158
1610041266
955581966
1824415672
1689168064
2051339758
1026930774
507424324
381911832
1005922354
267016118
1984267588
819051050
180361080
1264672634
1995161740
1426130506
97681368
1879533696
1097221268
1686727318
1828109906
1110734460
1501718404
63835062
505579098
1414250698
1993175330
177902470
275366678
1454503326
207098660
1366808130
1015975274
1284672550
1967796128
1861432570
1217531758
1100965788
767109048
2003310198
1557874866
1016751490
1606652976
1634803904
1664229100
1941869678
304650304
1834634160
1489494788
196182516
1717008384
62616662
138679936
1307212794
246262462
998836270
1757216978
1916413750
942662268
2004617600
1428725218
975201270
1344409916
1188169966
868499732
992896866
2020147786
850949274
90028872
1114372126
913911414
1356261540
401428932
301888340
116596800
1767068448
1021315646
2048532550
1185083794
370763638
615692426
1877327170
162718012
1398020754
188053792
745795412
130017606
1133606342
1061517492
2050039080
701847098
798624366
1069416512
258577884
1752836636
275223684
1673650364
1952915658
1197239292
584904252
1602928258
1905016638
1975546304
382435718
897924934
827051284
69973368
832046698
567233128
1373613816
115477366
941305034
391066560
19762830
654608380
1565820404
705522114
87642794
786528348
594402074
1724770798
1171517536
659014586
1841000054
736538792
746940342
1964107434
1371831192
1785588788
697602332
1654608016
1431882874
709107762
1180785744
1800644578
31880002
69942038
1038684608
655779460
154906888
1178787516
872230458
447271544
824123334
2030528542
565754308
2060846206
807013572
828881198
573608038
1332941084
239979536
289248428
494822202
358069260
1054815502
1033612304
280264880
110381064
1763695394
734743956
1143700698
684633726
961358828
1350309128
303078976
1075722518
1278613024
791127086
1519457912
1562149616
1759251044
1697996332
920720082
837845646
270022460
905762610
680373362
743826872
1055621372
1405679868
531349182
315802544
1144182386
297151074
1246036194
250104328
1373956282
507517060
1973764396
1528092752
1793319572
192586840
1905213858
1756244076
1701816590
1414411456
1994892338
1274187168
642671864
1277168448
955750680
952078544
1662720232
1095417554
972656070
505694972
1783213410
593838512
1460345490
492419860
1966781338
59506950
674070174
1484329654
1368139556
220606772
1528042576
17133986
1202624960
1127762866
439266310
789051000
1706121328
1352101382
1443781568
1551343060
744123030
856364898
1589547974
1109684208
770999204
784273092
1982402920
1739901104
1767655630
337059470
645723566
940057132
752045016
1092940792
1980515182
77517246
1731591886
1734377426
1169440616
1449951568
1933123574
2059774800
218223286
1645077540
1465418506
1146805284
1283772628
1821994792
571054698
157236748
1963092116
1161933934
1174715368
1078431426
761901100
727542598
1854198664
1652999396
1379671502
895064296
294867364
1189822194
1440108042
1657717772
518434756
1460022442
1133579638
