76359743
1894361723
553800587
1585137179
1347417573
545010721
1231698595
1282794509
1591024935
1663195489
330592813
1513575927
581440703
1507316489
1249734199
1001521711
1106968883
1413912785
738370709
352198151
1812693009
1878596457
751859993
993823061
2104678641
1047344297
1735833017
701818059
1688257855
1927217471
1644049257
1252643119
82426679
238176043
1500717413
1188890663
1874828581
1970809411
303892501
981727853
562902417
1121992441
966409223
620308521
926552427
1291090613
614085611
1769289145
1943299041
1540228409
1074122825
883042563
1790515219
363783229
299484339
18261029
1969819877
1672195203
753993649
1348393417
1042913413
1589659977
2112005975
509567649
208278677
208446615
1426088035
2025285435
559827513
1721670183
177460085
343679877
1216573023
1551760607
617486651
1632609967
927003483
2030663549
193083021
569264871
968312829
1221235965
357249857
1416993493
765689767
1874867133
1561028585
1987733849
2099810153
1075370539
1381552879
427602333
1283391377
1071422439
1214135679
801814603
863248205
1190984315
1269795633
258327273
878350223
1487845651
1655525689
1330518289
1099608047
930291859
1863372009
1139787287
694680479
1592976553
237097883
1145849229
1049849601
538332747
1603906503
1260983903
1198361739
1468728819
265533831
2100958411
921091267
767750519
476196031
417085395
1941379005
1702136525
1790020837
132129249
1804900543
1182676663
1308998343
772277945
2080740643
2042341997
676439161
2052270173
1436241177
2047671851
1354612517
602386851
1033816209
365452981
520484127
1484188223
231821635
313386331
1909905145
1954614979
1518413247
1491505223
1585791085
1681995203
704008879
1186946667
1297781529
1769388279
1130093543
692501553
1264220521
660412919
35173133
1365259661
1452427491
1354476525
1670634803
1557923049
869297703
1339228627
1531202181
1217451343
1423407259
373338019
492125627
936617591
963757649
332454663
1726110473
1625270507
176431017
1023758901
33916647
1097761663
1656511387
806122299
428637119
760308389
551839999
767919607
191329161
1753764361
2081334893
1273297205
297071253
2087013479
1551960009
1018554825
222576809
541147067
735989555
263620911
1544256043
384148039
529534185
1813462951
1685734205
178441575
1184438741
200531787
1856939441
734738005
39859767
1741882139
1402856503
1103475603
118658499
707394559
853963321
999526963
1217464679
1078011779
1866399021
1871475869
1492984665
826589985
633978437
1192234337
1718895375
1211931407
1462626861
1406218749
1404226737
893363739
225326365
1802190889
267028407
868197967
788798159
395266493
1188213909
1707121415
2136400109
1809577477
424062995
606313705
277733089
2021177637
1922724199
1074019829
1615848405
948906793
1470565831
1606362499
2095077583
606872131
2134064607
1142757923
685938183
262576889
192715267
974959393
1300463341
518718213
1724019763
1645921515
732760557
918112675
804955769
157721133
1316420801
1917398651
1671843069
1059509005
1274928459
623588275
2116301957
962404225
1862364955
125873493
1939741593
2052099837
1198401903
688642759
1479205447
986165955
1312081751
212106159
605611053
1625342437
391905077
1946445091
1810941089
2123960579
1962159961
959383495
826854367
146770359
1071448969
887813075
1292713523
2128548941
1432261573
1751169101
343602695
722675959
1431528779
672923057
1010022979
539423755
1395288113
1310516985
544523221
989929257
271103825
649724361
1415197959
779802855
1156275055
438451595
1880882503
551549843
1969842945
1832487225
319680881
1089049479
1516869525
2091913771
935419903
227436891
663379283
1532690567
313643345
1151091265
1497006037
430985537
737383001
1924276897
1054813511
545843489
577243821
1399556159
872997739
648148743
1206391219
1246028463
1984747877
1834322095
1098254581
281425467
1394439167
1285370029
677456615
1828244345
812472721
1623455577
867708067
1578148953
2078131563
1906993009
1412756403
1105219441
1819377293
507670385
2092933369
267000215
767484709
344070305
1644745361
836285333
1579994289
1417511643
1429468513
716993945
1605070979
1136991583
308681081
1890965961
722367631
516649227
140988491
1131464851
1947627581
1286981195
19953547
490931973
832152445
1547143241
778448891
872071279
128735595
1237651771
1301331933
2140586757
1224262207
1673445151
527982875
1470281887
2044731067
106109791
1159849261
548151383
1105533171
2098473247
1703167923
1767761749
857396053
1240581225
1893855879
1453432015
448715819
1750098367
621212029
1565496859
1091258427
1077162159
439733795
754900591
1876814889
632926317
276882491
923561255
1821054039
1145720771
606519835
742897109
873068643
383856201
1767841225
434576693
1237446419
1272323557
2143702377
1463453871
752030209
2078836443
1702795949
791016449
124286417
1548798579
547032413
1799394989
955603101
409172945
1715329549
661016715
1942028597
1604101795
945670811
1532513131
832996891
649365121
308523951
2142487077
100587937
1952099811
946918995
131709321
1064250677
1096562951
531865765
1057732313
1290388015
865010041
564163039
1211035021
651259523
48831135
608659105
212832349
774906359
389151365
1195733187
452040837
893040565
1123554045
1936472327
1083996955
760317277
241187311
1428579193
587707603
46251283
1139318637
675705839
675871401
1311228311
1808121385
1482907573
351711755
144501487
1182845715
1726107763
1794721247
54803539
1744249545
1096825081
2069635527
30552685
2043602531
1049454855
1082818531
472592663
1132893365
